8862566413
6121088103
8821476156
6931897159
6991448241
6951009222
6111072508
6141339287
8831012168
6911074087
6131261187
6921033718
6161387935
9161285395
9111740383
9121044248
6921756776
9141037754
9131149233
8841294659
9151566514
8862507882
9880001544
8961000873
8871324112
6151790977
6941031585
9562020455
8911169713
8741289156
9532364428
8751065412
8781547972
8761017917
5561109406
8931291558
5571028129
5581569039
8891248443
8921160599
5611408566
5591130670
8792199138
8792201852
5611373052
8781609963
8881540099
5621578873
7121936939
5371998082
9181028081
5631057236
9191250711
8621007592
5641505564
7151605940
7141716833
7122525279
7122524848
7132149895
8251434906
7171285792
5391368266
7162271230
5381633347
7162242263
7131777750
9211370514
5651339216
9221069526
9730045994
5992585353
9261512086
5961550000
9251805817
5981478145
5992592376
5961486992
9271014332
9251890651
9730077942
9241637726
9281742501
7272490364
7691884872
8331338978
7751071398
8311027577
7751236416
8341553543
7282312256
7282787574
7681018788
7311026927
7721965464
7712314810
8281241336
7721902771
8351004915
8271924186
8361626127
7731027980
8321015825
6191060334
8291011193
7321045122
6762129505
8681604009
8691220919
6281666974
8711220237
7381839541
6782748246
7371810429
6591161754
6811692029
7343159991
7341024270
7352278100
6371045891
5491250386
6821533930
5521234536
6772133193
8731018409
5512128125
6831404714
7361062612
5272262656
7981347384
5661086320
8261405740
9710072798
5291555282
7971670296
8121734685
5361048628
8111600842
5371618010
7571008553
8221491696
5691310992
5311460485
7581149545
7591012523
5321734352
1181517485
1231250393
7743034721
7741072002
5671047735
5341109982
7611079141
7991371496
5681167300
9482133743
8211046931
7761537711
8371017418
8231479538
7991782354
1132191233
8241017555
1250559105
7621219649
8111601600
5110001150
8381650904
5262895101
7542663278
7471224978
7481034185
7491398368
7511036586
7551696403
7521010335
7531865624
5761158912
7541872985
7551695409
7561285653
8133178741
6861262503
8721726814
7921883682
6851010970
8141268571
6842148261
6881231693
8161120216
7931045758
8151383061
8171033080
8651119189
7951057859
7941251583
8181290281
8131463070
6871259655
8651530619
8191258505
8671028490
6891003290
9661487133
8461015245
9660590610
5431015121
7191030664
5431015138
7211136668
7181219408
5461208422
8441930583
5441175642
5451032536
8441930471
7221068299
7231195846
5832672043
8421022256
5551822806
8431071368
5791957032
5832087155
5861213088
5891436918
5911024309
5811485726
8411357021
5791513795
5782211273
5871023018
8392036303
5921612120
5931026501
5881141038
9542353828
6251669287
9371494633
6262489169
6272273206
5481041600
5731038209
6291522805
6312262256
6331130969
6321728843
9542223907
5741345769
5751025871
6351653759
2220042071
5771744356
4980148586
6381722092
6391741694
6272361726
6422658110
6431625452
6441097173
6272419905
6452213588
6461803510
6472209785
6482339012
6491117386
6511503403
5532167358
9591457717
6551044953
6561711782
6621335616
9590829453
6572805883
6581177860
8631234177
6611015867
6621041990
8641146227
6631403213
6641037193
8661293380
6561720479
7393187854
7431693968
5821491355
5711034711
5782608266
8481603092
8451711664
8471462141
7441528952
7421015669
7431718303
7421892258
7451075498
8771331816
8471407395
7393127639
7391423121
7411821179
8491433349
7451630072
8451799363
7781379161
7642219577
7631865026
7841568895
6961396284
7881020324
6171019914
6181032282
6661065896
6651654898
6981040998
6211314715
6971040956
6191060630
5951008914
7881133040
7871728145
6221797997
5140070061
7642214195
6171563575
7831524761
6991444792
6671010253
7871728228
7851633200
7861540782
6681364395
7661013842
9231363144
7891326674
7671088103
8512680829
6721765227
5941231616
2530059663
8561217304
8571042823
8581375207
9860024252
6711600401
6692254612
2530104317
5971017916
8512627137
8531374393
8392381827
8541983165
8511164617
6731666478
6721761519
8551024331
7651014142
5991087245
7712313199
8271843878
8361574301
7281086036
7341025938
8731372329
8371018409
9481006391
8421023066
8392695170